5.143352661132812500e+02 9.747532348632812500e+02 5.544183959960937500e+02 9.789616699218750000e+02
1.820678344726562500e+03 9.176441040039062500e+02 1.785586914062500000e+03 9.200758666992187500e+02
1.153254516601562500e+03 9.155073852539062500e+02 1.104233764648437500e+03 9.108663940429687500e+02
1.037098510742187500e+03 8.681661376953125000e+02 1.007132446289062500e+03 8.006511230468750000e+02
1.950351928710937500e+03 1.044433105468750000e+03 1.946061645507812500e+03 1.024281982421875000e+03
1.929295898437500000e+03 9.031464233398437500e+02 1.929479736328125000e+03 8.931040039062500000e+02
5.992758789062500000e+02 9.430826416015625000e+02 5.996913452148437500e+02 9.543633422851562500e+02
3.168937072753906250e+02 9.491958618164062500e+02 3.068749389648437500e+02 9.493709716796875000e+02
1.199380004882812500e+03 9.154326782226562500e+02 1.154378417968750000e+03 9.142472534179687500e+02
8.846414184570312500e+02 9.209957275390625000e+02 8.498093872070312500e+02 9.104414672851562500e+02
1.809589843750000000e+03 9.909902343750000000e+02 1.860278442382812500e+03 1.003301818847656250e+03
1.413049072265625000e+03 9.896388549804687500e+02 1.464475341796875000e+03 9.856766967773437500e+02
6.331219482421875000e+02 9.195211181640625000e+02 6.347619018554687500e+02 9.055238647460937500e+02
1.279101440429687500e+03 1.256807861328125000e+03 1.290147094726562500e+03 1.211757812500000000e+03
6.196810913085937500e+02 9.667874755859375000e+02 6.191772460937500000e+02 9.794169921875000000e+02
5.106250000000000000e+02 9.143506469726562500e+02 4.943747253417968750e+02 9.143468627929687500e+02
1.423159057617187500e+03 9.042744140625000000e+02 1.409347167968750000e+03 9.046835327148437500e+02
1.532258544921875000e+03 8.769145507812500000e+02 1.536674682617187500e+03 8.340964965820312500e+02
1.549309570312500000e+03 7.443847656250000000e+02 1.549443969726562500e+03 7.281152343750000000e+02
1.302410034179687500e+03 1.050692016601562500e+03 1.308244018554687500e+03 1.004077026367187500e+03
1.054309448242187500e+03 9.859168090820312500e+02 1.206864746093750000e+03 9.754753417968750000e+02
7.179867553710937500e+02 9.734746093750000000e+02 7.319564819335937500e+02 9.746817626953125000e+02
1.226737426757812500e+03 1.330331909179687500e+03 1.270657592773437500e+03 1.336648071289062500e+03
7.342908325195312500e+02 9.727832641601562500e+02 8.368368530273437500e+02 9.822866210937500000e+02
1.582402954101562500e+03 1.073197387695312500e+03 1.577369384765625000e+03 1.022950256347656250e+03
1.298471435546875000e+03 1.145723754882812500e+03 1.303739257812500000e+03 1.060585693359375000e+03
1.235993286132812500e+03 1.070501586914062500e+03 1.240580078125000000e+03 1.130628417968750000e+03
9.558153076171875000e+02 9.122327880859375000e+02 8.845285034179687500e+02 9.206716308593750000e+02
8.393547363281250000e+02 9.782738037109375000e+02 8.932957153320312500e+02 9.856217041015625000e+02
9.382738647460937500e+02 7.893401489257812500e+02 9.435871582031250000e+02 8.120592651367187500e+02
1.285750366210937500e+03 1.291948486328125000e+03 1.284356445312500000e+03 1.270626220703125000e+03
1.346833374023437500e+03 9.849317016601562500e+02 1.408108398437500000e+03 9.863433227539062500e+02
1.254458740234375000e+03 9.142246704101562500e+02 1.234290161132812500e+03 9.157614135742187500e+02
1.351950195312500000e+03 9.142344360351562500e+02 1.329300048828125000e+03 9.157703857421875000e+02
1.914435913085937500e+03 8.970620727539062500e+02 1.861059936523437500e+03 9.144595336914062500e+02
1.439567016601562500e+03 9.026448974609375000e+02 1.425448364257812500e+03 9.061668701171875000e+02
1.031254882812500000e+03 1.009020996093750000e+03 1.043707641601562500e+03 9.872076416015625000e+02
1.473789672851562500e+03 9.881038818359375000e+02 1.502075805664062500e+03 1.001577575683593750e+03
1.616665283203125000e+03 9.850606079101562500e+02 1.662011108398437500e+03 9.989301757812500000e+02
1.538053344726562500e+03 1.096155395507812500e+03 1.569366088867187500e+03 1.093035034179687500e+03
1.658035522460937500e+03 1.031774536132812500e+03 1.659235229492187500e+03 1.045637084960937500e+03
1.468598510742187500e+03 7.818054199218750000e+02 1.461861694335937500e+03 8.569858398437500000e+02
1.756608154296875000e+03 1.001826904296875000e+03 1.789515991210937500e+03 9.950606689453125000e+02
5.344284667968750000e+02 9.421450195312500000e+02 4.964373474121093750e+02 9.496636352539062500e+02
1.887996704101562500e+03 1.021079345703125000e+03 1.901711791992187500e+03 1.024952880859375000e+03
1.463762939453125000e+03 8.612536621093750000e+02 1.458257446289062500e+03 8.777520751953125000e+02
1.278436401367187500e+03 1.330837524414062500e+03 1.283249267578125000e+03 1.295471801757812500e+03
1.374498901367187500e+03 9.126442871093750000e+02 1.354219604492187500e+03 9.159097900390625000e+02
1.667956909179687500e+03 1.011161315917968750e+03 1.657901123046875000e+03 1.031141479492187500e+03
5.928240356445312500e+02 9.462637329101562500e+02 5.794852294921875000e+02 9.255540161132812500e+02
6.456111450195312500e+02 9.796965332031250000e+02 6.832029418945312500e+02 9.813148193359375000e+02
1.234272583007812500e+03 9.143778686523437500e+02 1.216787231445312500e+03 9.129486694335937500e+02
8.935933227539062500e+02 9.855056152343750000e+02 9.137579345703125000e+02 9.771529541015625000e+02
1.206986450195312500e+03 9.778072509765625000e+02 1.228973022460937500e+03 9.855206909179687500e+02
9.450932617187500000e+02 8.118629150390625000e+02 9.521160888671875000e+02 8.297706298828125000e+02
9.329478149414062500e+02 9.765836181640625000e+02 9.493312377929687500e+02 9.796116943359375000e+02
1.719375610351562500e+03 8.893678588867187500e+02 1.661882202148437500e+03 8.842933959960937500e+02
3.772137145996093750e+02 9.170559082031250000e+02 3.664411010742187500e+02 9.372256469726562500e+02
1.403345947265625000e+03 9.117944946289062500e+02 1.378099853515625000e+03 9.141002807617187500e+02
1.510176635742187500e+03 1.007969726562500000e+03 1.518706542968750000e+03 1.052004516601562500e+03
1.835947265625000000e+03 9.232294311523437500e+02 1.820743896484375000e+03 9.189523315429687500e+02
1.006065673828125000e+03 7.980072021484375000e+02 9.901033935546875000e+02 7.689745483398437500e+02
9.514505004882812500e+02 8.321832275390625000e+02 9.676082153320312500e+02 8.677922973632812500e+02
1.540420532226562500e+03 8.207285156250000000e+02 1.544047973632812500e+03 7.840950927734375000e+02
1.710332031250000000e+03 1.058775878906250000e+03 1.725537719726562500e+03 1.036415649414062500e+03
9.486732788085937500e+02 9.803680419921875000e+02 9.621019287109375000e+02 1.006759521484375000e+03
1.240293212890625000e+03 1.132945678710937500e+03 1.216352539062500000e+03 1.237328613281250000e+03
3.668869018554687500e+02 9.481534423828125000e+02 3.829424438476562500e+02 9.414384765625000000e+02
1.553792846679687500e+03 9.114754638671875000e+02 1.533323364257812500e+03 8.772585449218750000e+02
1.218576904296875000e+03 1.303099487304687500e+03 1.218134521484375000e+03 1.316915283203125000e+03
1.104406616210937500e+03 9.117606811523437500e+02 1.064370117187500000e+03 9.108344116210937500e+02
9.383782348632812500e+02 7.643672485351562500e+02 9.382423095703125000e+02 7.818856201171875000e+02
1.614430053710937500e+03 9.121831054687500000e+02 1.555591552734375000e+03 9.107067260742187500e+02
9.641843872070312500e+02 8.872561645507812500e+02 9.611388549804687500e+02 9.057097778320312500e+02
6.206052246093750000e+02 9.805583496093750000e+02 6.331399536132812500e+02 9.803700561523437500e+02
1.234657348632812500e+03 1.034319091796875000e+03 1.238656005859375000e+03 1.054517333984375000e+03
1.216971923828125000e+03 1.281759643554687500e+03 1.218575561523437500e+03 1.300479370117187500e+03
1.026979980468750000e+03 1.040646362304687500e+03 1.033223388671875000e+03 1.009902709960937500e+03
4.834371337890625000e+02 9.518515014648437500e+02 4.831850891113281250e+02 9.619078369140625000e+02
1.214446655273437500e+03 9.136420288085937500e+02 1.201827636718750000e+03 9.131856689453125000e+02
1.326835205078125000e+03 9.858366088867187500e+02 1.346806030273437500e+03 9.850720825195312500e+02
9.979185791015625000e+02 1.047891235351562500e+03 1.016994995117187500e+03 1.045237670898437500e+03
7.557641601562500000e+02 9.159586181640625000e+02 7.094324951171875000e+02 9.200295410156250000e+02
1.548467529296875000e+03 7.252710571289062500e+02 1.498095458984375000e+03 7.145130615234375000e+02
3.060141906738281250e+02 9.506453857421875000e+02 3.054223632812500000e+02 9.619299316406250000e+02
1.686863769531250000e+03 1.063363159179687500e+03 1.696890380859375000e+03 1.063251586914062500e+03
1.134069824218750000e+02 9.693514404296875000e+02 1.131621322631835938e+02 9.794063720703125000e+02
5.620603637695312500e+02 9.640676269531250000e+02 5.517599487304687500e+02 9.628416137695312500e+02
1.214824829101562500e+03 1.256798339843750000e+03 1.217243896484375000e+03 1.270988281250000000e+03
9.656834716796875000e+02 1.032797485351562500e+03 9.780135498046875000e+02 1.034999023437500000e+03
9.311823120117187500e+02 7.280490112304687500e+02 9.360276489257812500e+02 7.635814819335937500e+02
9.674792480468750000e+02 8.678803100585937500e+02 9.651754150390625000e+02 8.857283325195312500e+02
1.545127197265625000e+03 7.652719116210937500e+02 1.549251831054687500e+03 7.448551635742187500e+02
1.771945068359375000e+03 9.198035278320312500e+02 1.754104370117187500e+03 9.227185058593750000e+02
1.227606124877929688e+02 9.793465576171875000e+02 1.236419219970703125e+02 9.680676879882812500e+02
1.456670410156250000e+03 8.767951049804687500e+02 1.449911987304687500e+03 8.940964965820312500e+02
5.574367065429687500e+02 9.772978515625000000e+02 5.845386352539062500e+02 9.836801147460937500e+02
1.944221557617187500e+03 1.025131713867187500e+03 1.935733886718750000e+03 1.006263732910156250e+03
1.575949218750000000e+03 1.087752319335937500e+03 1.581584106445312500e+03 1.073754638671875000e+03
1.295907104492187500e+03 1.205658325195312500e+03 1.301835205078125000e+03 1.155472656250000000e+03
3.819311218261718750e+02 9.406483764648437500e+02 3.875550231933593750e+02 9.271585083007812500e+02
1.927001831054687500e+03 9.158251953125000000e+02 1.928807617187500000e+03 9.034060058593750000e+02
7.795876464843750000e+02 8.775943603515625000e+02 7.720538330078125000e+02 9.060039062500000000e+02
9.726477050781250000e+02 7.266110229492187500e+02 9.510198364257812500e+02 7.161416015625000000e+02
4.847738952636718750e+02 9.389497680664062500e+02 5.114701232910156250e+02 9.260378417968750000e+02
6.776845092773437500e+02 9.169411621093750000e+02 6.647106933593750000e+02 9.249207763671875000e+02
4.944005737304687500e+02 9.156848754882812500e+02 4.756806945800781250e+02 9.236815795898437500e+02
1.902177734375000000e+03 1.026565551757812500e+03 1.941654174804687500e+03 1.043635620117187500e+03
1.630521850585937500e+03 9.105668945312500000e+02 1.614470092773437500e+03 9.118319091796875000e+02
1.947499267578125000e+03 9.484584350585937500e+02 1.932249633789062500e+03 9.198414916992187500e+02
1.055510986328125000e+03 9.056732788085937500e+02 1.042182739257812500e+03 8.792108154296875000e+02
1.733561157226562500e+03 9.153602905273437500e+02 1.718772216796875000e+03 8.909907836914062500e+02
1.516524291992187500e+03 1.071672851562500000e+03 1.520034423828125000e+03 1.087288696289062500e+03
1.470893066406250000e+03 7.228747558593750000e+02 1.464832641601562500e+03 7.769263305664062500e+02
1.602398071289062500e+03 9.927547607421875000e+02 1.615851318359375000e+03 9.847556762695312500e+02
9.921116943359375000e+02 7.676063232421875000e+02 9.827450561523437500e+02 7.407575683593750000e+02
6.985322265625000000e+02 9.244465942382812500e+02 6.880554809570312500e+02 9.208261718750000000e+02
1.789359985351562500e+03 9.961450195312500000e+02 1.801921630859375000e+03 9.965068359375000000e+02
1.227795654296875000e+03 9.857744140625000000e+02 1.238865478515625000e+03 1.010173278808593750e+03
1.936997680664062500e+03 9.941217041015625000e+02 1.947255859375000000e+03 9.799938964843750000e+02
5.913867797851562500e+02 9.686876831054687500e+02 5.980599975585937500e+02 9.596536254882812500e+02
1.318813232421875000e+03 9.966816406250000000e+02 1.322155639648437500e+03 9.869716186523437500e+02
6.210888671875000000e+02 9.015341796875000000e+02 6.108876342773437500e+02 9.207643432617187500e+02
1.042318725585937500e+03 8.787221069335937500e+02 1.035190185546875000e+03 8.690957031250000000e+02
9.786495361328125000e+02 1.040551513671875000e+03 9.974232788085937500e+02 1.047991455078125000e+03
1.520980957031250000e+03 1.088480712890625000e+03 1.537585449218750000e+03 1.095090209960937500e+03
1.725531494140625000e+03 1.038024902343750000e+03 1.746904785156250000e+03 1.018068115234375000e+03
1.218384643554687500e+03 1.317209838867187500e+03 1.226277709960937500e+03 1.330229248046875000e+03
1.578703613281250000e+03 1.020968688964843750e+03 1.602497680664062500e+03 9.936677246093750000e+02
1.935687011718750000e+03 1.005825988769531250e+03 1.937427978515625000e+03 9.944597167968750000e+02
7.984846191406250000e+02 8.766262817382812500e+02 7.866157226562500000e+02 8.660722656250000000e+02
8.225946044921875000e+02 8.938052368164062500e+02 8.036604003906250000e+02 8.790414428710937500e+02
1.661086303710937500e+03 8.849422607421875000e+02 1.630179443359375000e+03 9.100772094726562500e+02
6.058808593750000000e+02 9.317914428710937500e+02 6.159929809570312500e+02 9.404098510742187500e+02
1.238093505859375000e+03 1.013266845703125000e+03 1.235652587890625000e+03 1.034232666015625000e+03
1.658827758789062500e+03 1.045720336914062500e+03 1.669614868164062500e+03 1.052284912109375000e+03
1.326902099609375000e+03 9.178098144531250000e+02 1.254358886718750000e+03 9.165513916015625000e+02
6.342190551757812500e+02 9.033395996093750000e+02 6.217276000976562500e+02 9.020097045898437500e+02
1.517554931640625000e+03 1.051887939453125000e+03 1.517269409179687500e+03 1.066906250000000000e+03
1.281870361328125000e+03 1.268227661132812500e+03 1.280948120117187500e+03 1.256950805664062500e+03
1.217905029296875000e+03 1.242891601562500000e+03 1.215846435546875000e+03 1.255858642578125000e+03
4.964973144531250000e+02 9.505674438476562500e+02 4.881339416503906250e+02 9.449879150390625000e+02
1.501656250000000000e+03 1.001858032226562500e+03 1.509507202148437500e+03 1.008248291015625000e+03
9.416089477539062500e+02 7.165213623046875000e+02 9.320397949218750000e+02 7.270251464843750000e+02
1.749229003906250000e+03 1.013673767089843750e+03 1.755751586914062500e+03 1.000688598632812500e+03
5.466327514648437500e+02 9.570955200195312500e+02 5.367156372070312500e+02 9.470320434570312500e+02
1.697267211914062500e+03 1.062932373046875000e+03 1.710345947265625000e+03 1.055155639648437500e+03
1.674070678710937500e+03 1.053991088867187500e+03 1.686530151367187500e+03 1.063142700195312500e+03
1.237568481445312500e+03 1.054395019531250000e+03 1.237134033203125000e+03 1.069454589843750000e+03
9.789943847656250000e+02 7.383793945312500000e+02 9.716732177734375000e+02 7.274244995117187500e+02
1.064273559570312500e+03 9.114428100585937500e+02 1.054813110351562500e+03 9.049833374023437500e+02
1.449463989257812500e+03 8.919937133789062500e+02 1.439383300781250000e+03 9.018558349609375000e+02
1.482619995117187500e+03 7.151872558593750000e+02 1.474131958007812500e+03 7.229728393554687500e+02
1.662323852539062500e+03 9.972946166992187500e+02 1.667779541015625000e+03 1.007710693359375000e+03
1.876255004882812500e+03 1.006132324218750000e+03 1.888229003906250000e+03 1.020767089843750000e+03
6.103231201171875000e+02 9.205377807617187500e+02 5.998872070312500000e+02 9.228937988281250000e+02
3.162739868164062500e+02 9.628908691406250000e+02 3.178498229980468750e+02 9.504320678710937500e+02
1.496872680664062500e+03 7.169240112304687500e+02 1.483034301757812500e+03 7.162568359375000000e+02
6.625245361328125000e+02 9.341472167968750000e+02 6.607335205078125000e+02 9.192120971679687500e+02
5.795007934570312500e+02 9.279390258789062500e+02 5.680104980468750000e+02 9.269326782226562500e+02
1.946700073242187500e+03 9.794180908203125000e+02 1.947257324218750000e+03 9.493588867187500000e+02
8.481080322265625000e+02 9.072255859375000000e+02 8.256002197265625000e+02 9.061370849609375000e+02
6.168776855468750000e+02 9.423941040039062500e+02 6.006187133789062500e+02 9.423346557617187500e+02
1.410000610351562500e+03 9.036471557617187500e+02 1.402514892578125000e+03 9.126157836914062500e+02
5.709390258789062500e+02 9.366542358398437500e+02 5.807681274414062500e+02 9.455922241210937500e+02
1.308868041992187500e+03 1.003943054199218750e+03 1.318080322265625000e+03 9.955758056640625000e+02
5.974790039062500000e+02 9.595855102539062500e+02 5.960773925781250000e+02 9.469635620117187500e+02
6.556275634765625000e+02 9.163735961914062500e+02 6.356259765625000000e+02 9.163990478515625000e+02
9.143645019531250000e+02 9.773791503906250000e+02 9.318837280273437500e+02 9.772869873046875000e+02
5.662888183593750000e+02 9.518237304687500000e+02 5.665591430664062500e+02 9.619169311523437500e+02
4.881215515136718750e+02 9.663725585937500000e+02 4.981328430175781250e+02 9.664185180664062500e+02
